State Space considered is : [0, 1, 2] 

Q-matrix entered is : 
 [[-1.    0.67  0.33]
 [ 0.5  -1.    0.5 ]
 [ 0.33  0.67 -1.  ]] 

TPM-matrix for given Q-matrix is: 
 [[ 0.    0.67  0.33]
 [ 0.5   0.    0.5 ]
 [ 0.33  0.67  0.  ]]

Enter initial state: 0

Enter Time-Horizon: 1000

 Time sequence is: 
 
[1.4885508732137158, 2.0196264020531576, 2.3399899769778307, 2.7352299502751904, 2.7392126304400017, 4.327221164905962, 4.729346009861598, 6.57136833068823, 7.110861879977993, 7.277349729167286, 7.835920340132132, 8.487655780519068, 9.737576375749569, 10.2630138981603, 11.382292800033389, 11.661194395615823, 12.788121264078587, 13.998639610617445, 15.504317989421404, 18.955246251893616, 22.039893021768037, 22.443854102695497, 22.495852438637314, 23.94723849978069, 25.079618412725928, 25.886550942115726, 26.712870632003316, 27.442259850796088, 27.831663146120782, 27.879019101212158, 28.14492935697599, 30.046001872614347, 30.08918349502544, 31.87623019938848, 32.30325203824658, 32.419724428385855, 35.06219715434285, 35.3936830257377, 36.75932164650763, 36.82971257076167, 38.10921615467861, 38.62353435319603, 38.9589556294943, 39.18566381099787, 39.85134243104011, 40.49668465415477, 41.69036718226616, 43.38885227903269, 44.297084894725316, 44.78139654291191, 45.69336977477569, 46.014143192207236, 48.069681257644724, 49.07146548562298, 49.73973570127682, 50.128291038198306, 50.410305434265915, 50.69305002301063, 52.404311798665475, 53.490319295446014, 53.81846657231142, 53.887538218107856, 54.364726922662285, 55.56320134448155, 57.59190102379962, 58.80290192349654, 58.85272533689272, 59.68559968849436, 63.0365665216935, 63.84458415220693, 64.20192891126833, 64.96448394733522, 65.84576804388514, 65.89369341928816, 67.1526610719316, 68.44044506209191, 68.48999326718584, 71.00757682404853, 71.08538856063163, 71.45929420952064, 71.88912553355375, 72.06378368835183, 74.64744176309884, 74.71717000350289, 76.87382330299864, 76.91735554252656, 77.7525232103741, 77.87686137682277, 78.0858845338167, 78.68317778064846, 78.71240127692705, 79.20395444110984, 80.06668302490603, 80.70100183149175, 82.4831057889095, 84.76698075425904, 85.04810771752493, 85.62048482411728, 87.02134506144229, 87.71715112463906, 89.08106480499042, 90.58748330997989, 91.39810398634908, 95.64006318664775, 96.64787128396277, 96.79338782524344, 96.8532668452197, 97.48812738766536, 98.15210666606139, 99.12763609865185, 99.8410265803349, 99.89855377869338, 100.6469308577742, 102.64119669351916, 104.96978511982793, 105.44062517260295, 106.06800625762962, 106.07428831445182, 106.64176655991247, 107.20304913679263, 108.48886239964084, 109.62841750242042, 109.62936032753366, 110.47924727217294, 111.14149122568747, 112.72532845781951, 113.89193610853316, 115.39427322023904, 116.18320767688233, 116.53993532195015, 118.65067885333514, 119.03671791609453, 120.56220907624288, 121.33240525428725, 124.04605013471875, 124.61235414797763, 126.06456231729578, 129.25222766482193, 130.34792179896536, 130.54718285382336, 131.3875188129944, 133.01629091798372, 133.74645828945796, 134.0508052004848, 134.65888778823515, 134.94550423199365, 135.40075534710834, 135.50664309520397, 135.6562880876003, 136.34659385482107, 137.61007778227486, 139.8759353854876, 142.56184430382615, 143.88464544337867, 144.10566030467882, 145.1283949843308, 145.13132551446924, 147.95653110325094, 148.00667910610517, 148.03506549148625, 148.22171025979554, 150.0193252593371, 150.57447107518942, 151.77506393753123, 153.40221890174342, 155.629075175185, 157.32752915072643, 158.1841923680725, 158.61126960544854, 163.1274033709159, 165.14995968594735, 165.1984741831175, 166.760526130765, 167.83594030555628, 167.91122737516974, 168.06919553402236, 170.7716650319364, 172.12914591386448, 172.59798815392793, 172.9821672859464, 173.93844212522947, 174.09593702903283, 174.5570070655395, 176.21393313348332, 176.32131370478163, 176.7266815931882, 176.9220534299396, 179.86804576677278, 182.0146080848808, 182.48489032649778, 184.30385937750594, 184.80726199785803, 185.02760276131974, 185.65139501438978, 185.88788908388585, 186.13053133401465, 187.52924437464753, 189.64064767078193, 190.3625511421523, 191.20621482028733, 191.57866887614756, 192.9379663538819, 194.941707197136, 195.02326091190818, 196.24089100261395, 196.8967344133024, 199.6662692178883, 200.42968552061248, 201.20571142318073, 202.64415747228793, 205.66855098370007, 206.0846290556956, 206.71321829079338, 206.88373826216835, 208.0853143110585, 209.1355945720853, 210.44053968914216, 211.13691432218454, 212.43178846792853, 212.80317012036457, 213.08835452364795, 216.82269287784845, 217.11993221541184, 217.29715389454654, 220.09123924698204, 220.70255477674445, 221.02851636210264, 221.23274325555488, 221.37170698552544, 221.9998179822952, 224.40436619609736, 226.67638064824231, 226.88420194095772, 227.05222193744868, 227.88238583294492, 227.94349268288028, 228.0728831626617, 228.09854593749918, 229.6592673469651, 230.18305603297128, 230.73896105760792, 231.3660568190681, 233.933754204293, 236.52010595402663, 236.5364958501727, 238.60592785870207, 241.95332647545897, 242.79641121494586, 243.2671604008554, 244.41949978860492, 244.72309793527003, 245.35925183443942, 245.74299178730033, 245.8248843322956, 246.10887086241038, 246.42212341765884, 246.75799942452196, 246.87664430714543, 247.5243221245948, 248.49308995112835, 248.60199772899907, 249.0110292354029, 249.60943267537888, 251.64073517166827, 253.30466700626096, 253.50400592345738, 254.7727655824876, 255.27475607994222, 255.41709786379798, 256.00077554640956, 258.16781976202867, 259.4841123180378, 261.3353460743466, 265.25314431529836, 265.7230249894784, 266.46092916985856, 266.53244727964477, 267.46241135671056, 267.8815636796889, 269.32484735023235, 269.3447685523134, 272.733983618615, 272.7722309319898, 275.60820393215965, 275.9270214298255, 277.80232351428447, 278.19638146837065, 279.06648211716725, 279.3522768145893, 283.09666188453974, 283.3105246792316, 284.5439560241273, 285.0596966538831, 285.9014306120198, 287.36540775753775, 288.53688070932395, 288.6377964235578, 289.2139894048363, 289.3083072910119, 290.06008293415425, 290.23463693865637, 290.27860044095564, 292.45723727692047, 293.4241539281502, 294.59378770286526, 295.04731143455894, 296.69295501836467, 297.44597149477, 298.5413157139598, 299.5934630138073, 299.84121020050014, 301.9957078632448, 302.34071327832896, 307.06676037232137, 307.9291507314555, 309.46596434983036, 310.2480150557598, 312.24596108110524, 312.5055915389558, 313.9223901752556, 317.0664889746034, 317.21884381385894, 318.88521825512476, 320.1026142818523, 321.5003710246106, 321.7270534469918, 322.05721126579056, 322.4345287999692, 322.51909764548407, 323.786068393722, 325.13971415525504, 328.348085261739, 328.6010046244625, 328.69186930058385, 332.0799216787108, 332.3451466308093, 333.17339149411777, 334.03330696298354, 334.9982687597894, 337.31364513718387, 337.97833640180585, 338.7476635368383, 339.32457009526837, 340.2566127046084, 341.122815741025, 341.917319397529, 341.9874738563193, 342.5017867972186, 344.0561864675075, 344.05933753328605, 344.6052111167296, 351.679322918397, 352.4393616451098, 352.8407876108558, 354.1589562456952, 354.4849720982711, 355.20711626153513, 355.6632723767098, 356.5065510958026, 356.54914290532355, 358.6347746023462, 360.0110901145862, 360.209680249805, 360.8318635199062, 361.36010235635956, 363.53958995362603, 364.03028712666577, 368.31371314953344, 368.87545126057665, 371.019759059517, 371.33237680651, 372.34230011563267, 372.3427149947849, 372.5826630334458, 372.92238195169716, 373.7024775644101, 375.0928859076705, 375.77841292315736, 376.34345602343217, 376.48583074143426, 380.75066941742665, 381.2665493918521, 381.521288880282, 382.56309383677836, 383.39403526975786, 384.35660152999253, 384.62378554146943, 385.5353960760146, 385.6743644377144, 385.7724422523401, 386.71356476152727, 386.8522291565499, 389.00368978910006, 389.5183230196827, 391.5091211138699, 393.00519749585135, 394.1151556583064, 395.823627489827, 398.1952475078814, 398.8226736668911, 399.0098023301811, 399.7914892201883, 400.8392329676659, 403.22727410943406, 404.13515819758527, 404.1449328222916, 404.84376473208954, 407.14750162907956, 407.6778812246816, 408.75713507553746, 408.7878578045591, 409.9056199813708, 410.211455433915, 411.3181273595763, 411.3708978906974, 411.68688933264497, 413.99872905267796, 414.97587199315086, 415.37549203901676, 415.4731638447692, 417.4910490015114, 420.8085845145051, 422.6912981926156, 423.43928334838176, 423.6230781374393, 425.45859349163334, 425.9059803082952, 426.1328064317369, 427.4499816360993, 427.5230335784843, 427.68005328095893, 428.1346689006481, 428.68572865751247, 428.9328477522791, 429.6384512291095, 431.8682875940751, 433.4960735728546, 434.81335063773986, 435.3920426086391, 436.08555986908016, 437.02484548315914, 438.66894873798515, 439.5940640704444, 440.1024009422181, 441.0890338068932, 444.6953170412518, 445.9417797216385, 446.75050602850035, 447.37537395020985, 452.44963643486517, 452.64800245855776, 453.22110047313123, 453.28259760818, 454.1064410449989, 455.0242340894546, 457.4199999429265, 459.8062853140224, 461.8693694079717, 462.34919787870564, 462.5989942430102, 464.5496623948197, 464.6998954856435, 464.85367551237323, 465.8587512947284, 468.6521579240157, 469.1460368878675, 471.46873001399723, 472.4084364401001, 474.20422879547374, 474.88893782125905, 476.90825248472277, 477.87049610914755, 478.02044373788834, 480.0005746816633, 480.4211503703454, 481.17366426484017, 482.43098688197153, 483.9408610255365, 484.82295410497125, 485.15827508518777, 487.39114198465944, 489.5684179216863, 491.4619665107566, 492.27284868694346, 495.00703267603427, 495.14852593910354, 495.36728515402297, 495.4978982457662, 495.52203060316623, 497.35563628060197, 497.74114167425137, 498.5651801738708, 501.9633748522875, 502.86117421607884, 504.0278486690805, 504.342617698764, 505.0758794595843, 505.54187694505686, 506.42696303109267, 506.6080593796904, 507.3261644975646, 509.3061124096264, 510.2115144408898, 510.57111995523337, 513.2924775594114, 513.8126436731766, 513.9415381997129, 514.5569941409829, 516.6466008612853, 518.8160761677003, 519.2762679107792, 522.3349871273332, 522.5755891115041, 523.6053522649079, 523.7440374806582, 524.9023537902463, 527.5654828352225, 530.4187495638397, 530.8431908734857, 531.1904135091715, 531.2222112545281, 532.2054057305508, 532.4765334423522, 535.7670495344319, 535.8556908386909, 536.9668748538497, 538.491561748513, 540.1365080574249, 540.1502374292074, 540.3954562167262, 544.3664404398139, 544.7688153473931, 545.5945888814396, 545.9379850596614, 546.3800238342408, 546.6671914207901, 546.899110881856, 547.813724069972, 548.3526987235874, 549.4290481493578, 549.7137713614497, 552.4094855797264, 552.5701581129839, 553.4925484928016, 554.6410167128918, 554.7407197865067, 556.9476614151799, 557.8998727381424, 558.9210839860102, 559.1241568817127, 559.4608749621862, 561.3605029552292, 561.3633176425311, 561.5549846917083, 561.9204583061667, 562.644451786863, 563.4910124126965, 563.6004101357696, 566.7954295733114, 567.3739003506721, 567.6725691623394, 568.793303426758, 569.6083552959388, 569.927531579955, 571.7851592174137, 572.0198849070487, 572.3206381990192, 572.529812417511, 573.5032080993017, 573.7604700725566, 574.0082571680539, 576.4594645148536, 576.972803814159, 577.8317161629578, 578.2745102959963, 578.363254345226, 579.439432657929, 579.5526077874592, 581.2448837229923, 581.8171564372277, 582.3591687658569, 583.5306619415406, 584.0651588751555, 586.0106963715267, 588.6663636116691, 588.8250223112269, 590.2674358836724, 592.2673797091823, 593.1133484098444, 595.0148710582831, 595.7847325058453, 598.3883378019599, 598.4853606488394, 598.4920217901928, 601.0107308859394, 601.5248263825167, 608.2154730390522, 609.0654080641478, 609.4439842305828, 611.0270650573513, 611.1901353537837, 612.3424955763751, 614.2997695666476, 614.5521543199533, 615.6091243884201, 616.5739750779542, 619.4118849156483, 619.92699875593, 621.5333130945253, 622.0898136686658, 622.6952438618122, 625.0803992021513, 626.756582062616, 627.5877993812146, 628.162044253447, 628.5202194704708, 629.3281527370751, 629.3819761158369, 629.3905145143085, 630.4825415937995, 631.522244915969, 632.8386778386938, 632.9744176917159, 633.4957760059364, 633.8194658755049, 633.9348271934608, 636.663130258022, 638.257920390704, 640.5811437661127, 641.2259584977303, 641.7908251544727, 642.5361291769092, 644.6930978556317, 644.7097101798706, 645.6205922609214, 648.6602232203237, 649.4167900549404, 650.3860570142205, 651.3941241026902, 653.2230222580006, 654.177169924116, 656.2269501984034, 659.3001180900756, 660.2637554595234, 661.5067119349955, 661.8131233630155, 664.4299504509544, 664.7230928604146, 667.5960159736713, 668.8239322161335, 670.2629800666375, 670.9202883099714, 671.4880170586247, 671.9205703940253, 672.0963856535278, 673.6823261717044, 674.0336279080898, 675.3481941767841, 676.4441425418554, 678.2377310544301, 678.3246225446285, 680.1713194508687, 681.829793601318, 682.2575667736961, 685.2544412715266, 687.5654874668714, 687.8188309253203, 689.4110844878279, 689.5753839371429, 691.1910825687693, 691.8750070112934, 692.0432742993149, 692.6093194771535, 695.0009566701538, 695.2500719500964, 696.6143010711127, 697.749584830413, 698.6888448605434, 699.5220687990893, 699.565356014839, 699.8951156269528, 700.1777777796126, 702.3301467044578, 702.5074552835758, 704.5461135618164, 704.6270124751519, 706.1703034204445, 707.2611037670102, 707.6614485841492, 708.0274373730116, 708.4478710251454, 710.1574966539235, 713.325349648929, 714.6811122348454, 715.3191277717457, 716.1664382205345, 718.3749997923966, 718.8563743113986, 718.8577045980301, 720.0819358359918, 720.7882683643618, 722.2893509383177, 723.0629795486145, 724.3112220415805, 724.3145806346796, 724.5268928820736, 724.5582118639452, 725.2592079244237, 726.6040521702906, 726.9773733276656, 727.7384849915173, 728.1294004604212, 730.2411036630137, 730.5440680629272, 733.7282398216636, 734.2039017593896, 735.3893372257984, 735.4919201714049, 735.6009638283559, 737.1846066634265, 737.9389261450343, 737.9488493168205, 738.1947366946805, 739.0076820338862, 739.5967612555618, 739.6944952450438, 740.7663938370288, 742.2166886416078, 742.5017671064859, 743.5848911450885, 745.002767978641, 745.1603040072539, 746.8362647820212, 748.1993738603509, 751.013469598096, 752.0438697567499, 752.7062998377828, 752.7404819704799, 755.1162017400763, 756.0439060152022, 756.1101756484372, 756.8585903536684, 757.2126220064631, 757.6248356666279, 757.9360651507113, 758.9001658210797, 760.573870350191, 761.3343377935241, 762.96056205739, 765.2061569925586, 765.5603816260849, 768.0783942762968, 768.357673906452, 771.3758686348627, 772.8811178667955, 774.288829997358, 774.7399001424374, 775.0830952522656, 775.5349736652055, 776.5793734311628, 777.3084258234649, 778.1120652296131, 778.3475587661428, 779.3354627248718, 781.0892687055386, 781.7138928577843, 781.8831627903493, 782.2605275929188, 782.8909570901434, 784.6992617752052, 785.2875798017083, 785.6932984782047, 786.3640215964505, 789.6532657330947, 791.3303600775255, 792.8051777333175, 794.0790673378077, 794.1180098083382, 794.3426312292811, 794.4427046846544, 796.1854961015424, 796.2928177289265, 796.6709082601215, 797.138502592232, 797.269313698558, 798.9067695673879, 799.9255750234189, 800.38872033966, 800.9654945343596, 801.0911357638812, 802.0394579021254, 802.7372901034498, 804.2208005002659, 804.3265860211445, 804.4833814665599, 805.273312756182, 807.2105888269497, 808.8481087268615, 809.67155888941, 811.5564611662401, 812.7697573140466, 812.8044574421835, 812.9271536568115, 813.3090104924507, 814.0088975334129, 814.5925918527294, 815.2226523103686, 816.937806503374, 817.5409991344585, 818.2756892599538, 820.5722787872635, 823.0036178361496, 823.369515337094, 823.802846916447, 824.4722790862276, 825.9554734500657, 827.0394036296243, 828.1235880774901, 829.225295435418, 829.4260640552559, 829.5579393268542, 830.612023250748, 830.9002435268337, 831.1293588165283, 831.6817409017061, 831.8004082722199, 833.0085900106213, 833.2010152556884, 833.7539734654671, 835.6851393447961, 838.2259085293896, 838.6668941265843, 839.538449146369, 840.2515692341981, 841.48773119588, 842.194251778545, 843.1886987283377, 843.3513810575813, 843.5324542569468, 845.0848060453061, 846.2157366130176, 847.2377726757106, 847.9039098489762, 848.6231937436775, 849.449358147499, 850.4066041364131, 850.9560708526345, 852.5213783510147, 852.9332519302786, 853.4700046748364, 855.5267119555025, 855.7362129375788, 856.3999003262891, 858.2674544075073, 858.7682595023031, 858.8396081757234, 859.6668804743504, 860.136855654372, 861.115252381817, 861.215249545286, 861.5722728317577, 861.9593859052694, 861.9833990202189, 862.4320559017194, 863.5466100363834, 864.0198093868848, 864.2244258718822, 864.9502803391416, 865.094517608308, 868.0895774612394, 868.2959991817996, 868.4406305110858, 868.4856916511685, 872.8056280767266, 873.1670325079958, 873.5401801668417, 874.5872599302534, 875.046848831028, 876.5622454811587, 877.6663774354613, 881.6853253152068, 881.762895250776, 882.9951560870959, 883.3062975746129, 886.0722918171391, 887.3510803709754, 888.3542137975511, 890.4556322526765, 890.4788118758213, 891.9099422035388, 892.6613394513373, 899.1612915940543, 899.9009246423905, 900.9251107858872, 903.8224091341449, 904.5374916110705, 904.6635994916913, 905.2619132080151, 907.9358823914458, 908.2324650012979, 908.432791254851, 908.9941183129573, 909.1282524173806, 911.5525649612533, 912.4788084413639, 913.3863182211006, 914.649515549861, 915.2978954799395, 915.4549577199288, 917.5944639768766, 917.9226745354807, 919.9648886359494, 920.3470632697362, 920.4837872232957, 920.8233861798383, 921.5828606544663, 921.9884527059542, 922.3688676007465, 924.8326552473329, 930.9012722178924, 931.0965606989313, 934.5836131679341, 937.4890344705643, 938.8232302129426, 939.7307160265344, 941.5556892375207, 942.1201190561943, 942.4663083978303, 943.4024915558913, 944.2021758276023, 945.5676570520659, 947.7415175293868, 947.9164011889392, 948.0166278447583, 950.0318417626761, 950.6423065289207, 951.8950766498665, 952.5046510447063, 952.8913397106296, 953.5844390301688, 954.3507651560643, 955.7838078361291, 956.2396774612574, 956.8894748392463, 958.0188919838628, 958.1904576195484, 959.8373850467735, 961.8661918090693, 964.3343522214799, 966.2822515326675, 967.9393091753615, 968.3046373387974, 970.7718219771789, 971.0656649708068, 971.9933178676699, 972.4213464823588, 973.5396091736561, 974.0395710787209, 974.9985230083661, 975.3370636046171, 975.5368876064721, 977.6586197037961, 978.4590694657846, 983.351604856873, 984.3506036411667, 984.5573744605815, 986.3208464303287, 988.1416401189377, 988.9270064240449, 989.0613727328935, 989.9984067378692, 990.0637752457193, 990.5551608988756, 992.8415497584824, 992.8921089351313, 994.2185609729007, 996.5236463773502, 998.4629199566699, 999.0787594781146, 999.9521943278379] 

Last element of time sequence is:  1000.4415806646697 

Embeded Chain for given Q-matrix is :

 [1, 0, 1, 0, 1, 0, 1, 2, 0, 2, 1, 2, 1, 2, 0, 1, 0, 1, 2, 1, 0, 1, 0, 1, 0, 1, 2, 0, 1, 2, 1, 2, 0, 1, 0, 2, 1, 0, 2, 0, 2, 1, 2, 1, 0, 1, 0, 2, 1, 0, 1, 0, 2, 1, 2, 0, 1, 2, 1, 2, 1, 0, 2, 1, 0, 2, 1, 2, 1, 0, 1, 0, 2, 1, 2, 1, 0, 1, 0, 1, 2, 0, 2, 1, 2, 0, 1, 2, 1, 2, 0, 1, 2, 1, 0, 1, 0, 1, 0, 1, 0, 2, 1, 0, 1, 2, 1, 0, 1, 2, 0, 1, 0, 1, 0, 1, 2, 1, 0, 1, 2, 0, 1, 0, 2, 0, 1, 0, 2, 1, 2, 0, 2, 0, 2, 0, 2, 1, 2, 1, 2, 1, 2, 1, 2, 1, 0, 1, 0, 1, 0, 1, 2, 1, 2, 1, 0, 1, 2, 0, 1, 0, 1, 0, 1, 0, 2, 1, 2, 1, 0, 1, 2, 1, 0, 1, 0, 2, 0, 2, 1, 0, 2, 0, 1, 2, 1, 0, 1, 0, 1, 2, 1, 0, 1, 0, 1, 0, 1, 2, 1, 0, 2, 0, 1, 0, 1, 0, 1, 2, 0, 2, 1, 0, 1, 2, 0, 1, 2, 0, 1, 2, 1, 2, 1, 2, 0, 1, 0, 1, 2, 1, 0, 2, 1, 0, 1, 0, 2, 1, 0, 2, 0, 2, 1, 2, 1, 2, 1, 2, 0, 1, 2, 0, 2, 1, 2, 0, 1, 0, 2, 0, 1, 2, 1, 0, 2, 1, 0, 1, 2, 1, 0, 1, 2, 1, 2, 0, 2, 0, 1, 2, 1, 0, 1, 0, 1, 2, 0, 1, 0, 2, 1, 0, 1, 0, 1, 0, 2, 1, 2, 1, 2, 0, 1, 2, 0, 2, 0, 1, 0, 2, 0, 1, 0, 2, 1, 2, 1, 2, 0, 1, 2, 1, 2, 1, 2, 0, 2, 1, 0, 1, 2, 0, 2, 0, 1, 0, 2, 1, 0, 1, 0, 1, 0, 1, 0, 2, 0, 2, 1, 0, 2, 1, 2, 1, 0, 1, 0, 2, 1, 0, 1, 0, 2, 1, 0, 1, 0, 1, 0, 2, 1, 0, 1, 2, 1, 2, 1, 0, 2, 1, 2, 1, 0, 1, 0, 1, 0, 1, 2, 1, 0, 2, 1, 0, 1, 2, 0, 1, 0, 1, 2, 0, 2, 1, 2, 1, 2, 1, 0, 1, 0, 2, 1, 0, 1, 0, 2, 1, 2, 1, 2, 1, 0, 1, 2, 1, 0, 1, 0, 1, 0, 1, 2, 1, 2, 1, 2, 0, 2, 1, 0, 1, 0, 1, 0, 1, 0, 2, 1, 2, 1, 2, 1, 2, 1, 2, 1, 2, 0, 1, 2, 1, 2, 1, 2, 1, 0, 1, 2, 1, 0, 1, 0, 1, 2, 1, 2, 1, 2, 0, 1, 2, 1, 0, 1, 2, 0, 1, 0, 2, 1, 2, 1, 2, 0, 2, 0, 1, 2, 1, 0, 1, 2, 0, 2, 1, 0, 1, 0, 1, 2, 0, 2, 1, 2, 0, 1, 2, 0, 2, 1, 0, 1, 0, 2, 0, 2, 1, 2, 1, 2, 1, 0, 1, 2, 1, 0, 1, 0, 1, 0, 1, 0, 1, 2, 0, 1, 2, 1, 2, 1, 0, 1, 2, 0, 1, 2, 0, 1, 2, 0, 1, 2, 0, 1, 2, 1, 0, 1, 2, 1, 2, 1, 2, 1, 2, 0, 2, 1, 0, 1, 0, 1, 0, 1, 0, 2, 0, 1, 0, 1, 2, 1, 2, 1, 2, 0, 1, 0, 1, 2, 1, 2, 1, 0, 2, 1, 0, 1, 2, 1, 2, 0, 1, 2, 1, 2, 1, 2, 0, 1, 0, 1, 2, 1, 2, 1, 0, 2, 0, 1, 0, 1, 0, 1, 2, 1, 2, 1, 2, 1, 2, 0, 1, 2, 0, 1, 2, 1, 0, 1, 2, 1, 2, 1, 0, 2, 0, 2, 0, 2, 0, 2, 1, 0, 1, 2, 1, 2, 1, 2, 1, 2, 1, 0, 2, 1, 0, 2, 1, 0, 1, 2, 0, 2, 1, 0, 2, 0, 1, 2, 0, 1, 0, 1, 0, 1, 2, 1, 2, 1, 0, 2, 0, 2, 1, 2, 1, 0, 2, 1, 0, 2, 0, 1, 0, 1, 2, 1, 2, 1, 2, 1, 0, 2, 1, 2, 0, 1, 0, 1, 0, 2, 0, 1, 0, 2, 0, 1, 0, 1, 0, 1, 2, 1, 2, 0, 1, 2, 1, 2, 0, 2, 0, 1, 2, 1, 0, 2, 1, 2, 0, 2, 1, 2, 1, 2, 1, 0, 1, 0, 2, 1, 0, 1, 0, 1, 0, 2, 1, 0, 1, 2, 1, 0, 1, 0, 2, 1, 2, 1, 0, 1, 2, 1, 0, 2, 1, 0, 1, 0, 2, 1, 2, 1, 0, 1, 2, 1, 0, 1, 2, 0, 1, 0, 1, 0, 1, 2, 0, 2, 1, 0, 1, 0, 1, 2, 0, 1, 2, 1, 2, 1, 2, 1, 2, 1, 2, 1, 2, 1, 0, 2, 1, 2, 1, 0, 2, 1, 2, 0, 2, 1, 0, 1, 2, 1, 2, 1, 2, 0, 1, 2, 1, 2, 0, 1, 2, 0, 1, 2, 1, 2, 1, 0, 1, 2, 1, 2, 0, 2, 1, 2, 1, 0, 2, 1, 2, 1, 0, 2, 0, 1, 0, 1, 0, 1, 0, 1, 2, 1, 0, 2, 1, 2, 1, 0, 1, 2, 1, 0, 1, 0, 2, 1, 0, 1, 2, 1, 2, 1, 2, 1, 2, 1, 0, 1, 2, 1, 0, 1, 2, 0, 1, 0, 2, 1, 0, 2, 1, 0, 1, 2, 0, 1, 0, 1, 2, 0, 1, 2, 1, 2, 1, 2, 0, 1, 2, 1, 0, 1, 0, 2, 1, 0, 1, 2, 1, 2, 0, 2, 0, 1, 2, 0, 1, 0, 1]